major minor  #blocks  name

 259        0 1562500000 nvme1n1
 259        2     131072 nvme1n1p1
 259        3 1562366880 nvme1n1p2
 259        1 1562500000 nvme0n1
 259        4     131072 nvme0n1p1
 259        5 1562366880 nvme0n1p2
   8        0   31289344 sda
   8        1     524288 sda1
   8        2   30763008 sda2
   8       16  234431064 sdb
   8       17     524288 sdb1
   8       18  233904128 sdb2
   8       32  234431064 sdc
   8       33     204800 sdc1
   8       34    1048576 sdc2
   8       35  157286400 sdc3
   8       36    4194304 sdc4
   8       37   71303168 sdc5
 259        6 1560672256 pmem1
 259        7 1560672256 pmem0
