major minor  #blocks  name

 259        0 1562500000 nvme0n1
 259        1     131072 nvme0n1p1
 259        2 1562366880 nvme0n1p2
 259        3 1562500000 nvme1n1
 259        4     131072 nvme1n1p1
 259        5 1562366880 nvme1n1p2
   8       16  234431064 sdb
   8       17     204800 sdb1
   8       18    1048576 sdb2
   8       19  157286400 sdb3
   8       20    4194304 sdb4
   8       21   71303168 sdb5
   8        0  234431064 sda
   8        1     524288 sda1
   8        2  233904128 sda2
   8       32   31289344 sdc
   8       33     524288 sdc1
   8       34   30763008 sdc2
